============================================================
OJIP数据统计摘要
============================================================

群体统计:
Parameter  CK1_mean  CK1_std  D1_mean   D1_std  D1_change_%  RD2_mean  RD2_std  RD2_change_%
    Fv/Fm  0.825804 0.005465 0.809582 0.013343    -1.964340  0.791344 0.026150     -4.172908
    PIabs  3.325841 0.822282 2.211821 0.726448   -33.495885  1.173480 0.420984    -64.716281
       Vj  0.454251 0.037086 0.513490 0.052368    13.041104  0.587534 0.057976     29.341275
       Vi  0.852981 0.023261 0.859603 0.021129     0.776361  0.852376 0.018420     -0.070928
   TRo/RC  1.233967 0.129691 1.424378 0.230109    15.430813  1.860283 0.246158     50.756315
   ETo/RC  0.663110 0.033647 0.665524 0.036716     0.364018  0.728596 0.059054      9.875696
   ABS/RC  1.492476 0.164536 1.750030 0.309897    17.256824  2.381105 0.429824     59.540650
   DIo/RC  0.260153 0.034969 0.336614 0.086530    29.390874  0.502148 0.149008     93.020244

代表品种统计:
 Variety Parameter      CK1       D1      RD2  CK1_to_D1_%  D1_to_RD2_%
    1252     Fv/Fm 0.830432 0.814543 0.804581    -1.913389    -1.223042
    1252     PIabs 4.751410 3.690578 1.723664   -22.326672   -53.295558
    1252        Vj 0.393612 0.433460 0.516738    10.123729    19.212345
    1252        Vi 0.841073 0.842752 0.854294     0.199596     1.369531
    1252    TRo/RC 1.097572 1.095989 1.656314    -0.144294    51.125136
    1252    ETo/RC 0.666573 0.616565 0.782286    -7.502158    26.878124
    1252    ABS/RC 1.321889 1.340432 2.078596     1.402746    55.069163
    1252    DIo/RC 0.225725 0.247506 0.404328     9.649488    63.360452
    1228     Fv/Fm 0.829510 0.799660 0.727916    -3.598507    -8.971773
    1228     PIabs 3.408190 1.898481 0.545694   -44.296500   -71.256309
    1228        Vj 0.439519 0.539178 0.687333    22.674691    27.477955
    1228        Vi 0.856652 0.867818 0.869209     1.303472     0.160264
    1228    TRo/RC 1.272896 1.519449 2.148255    19.369441    41.383809
    1228    ETo/RC 0.712449 0.667670 0.634976    -6.285165    -4.896757
    1228    ABS/RC 1.537367 1.833856 3.024118    19.285515    64.904895
    1228    DIo/RC 0.260829 0.381393 0.808380    46.223640   111.954619
    1235     Fv/Fm 0.826822 0.799641 0.780289    -3.287435    -2.420132
    1235     PIabs 4.423518 1.900260 1.246428   -57.041875   -34.407523
    1235        Vj 0.418837 0.543057 0.566857    29.658292     4.382663
    1235        Vi 0.851213 0.868752 0.843773     2.060408    -2.875204
    1235    TRo/RC 1.070351 1.501386 1.742629    40.270520    16.068003
    1235    ETo/RC 0.615938 0.651059 0.715204     5.701925     9.852453
    1235    ABS/RC 1.295311 1.858269 2.227640    43.461208    19.877144
    1235    DIo/RC 0.223466 0.375342 0.473302    67.964012    26.098883
